nameseq,A,C,G,T,label
pre_0_train_U00096.3/228758-228873,0.1896551724137931,0.3103448275862069,0.3448275862068966,0.15517241379310345,rRNA
pre_1_train_U00096.3/4040519-4040634,0.19827586206896552,0.29310344827586204,0.3448275862068966,0.16379310344827586,rRNA
pre_2_train_U00096.3/3423540-3423425,0.20689655172413793,0.29310344827586204,0.33620689655172414,0.16379310344827586,rRNA
pre_3_train_U00096.3/3941808-3943349,0.2529182879377432,0.22892347600518806,0.3151750972762646,0.20298313878080415,rRNA
pre_4_train_U00096.3/3428762-3427221,0.251621271076524,0.22957198443579765,0.3158236057068742,0.20298313878080415,rRNA
pre_5_train_U00096.3/2731157-2729616,0.2503242542153048,0.22892347600518806,0.31712062256809337,0.20363164721141375,rRNA
pre_6_train_U00096.3/4035531-4037072,0.2522697795071336,0.22827496757457846,0.3151750972762646,0.20428015564202334,rRNA
pre_7_train_U00096.3/4166659-4168200,0.2522697795071336,0.22827496757457846,0.3158236057068742,0.20363164721141375,rRNA
pre_8_train_U00096.3/223771-225312,0.251621271076524,0.22827496757457846,0.3151750972762646,0.20492866407263294,rRNA
pre_9_train_U00096.3/4035536-4037070,0.250814332247557,0.2293159609120521,0.3166123778501629,0.20325732899022803,rRNA
pre_10_train_U00096.3/3428757-3427223,0.2501628664495114,0.23061889250814332,0.3172638436482085,0.20195439739413681,rRNA
pre_11_train_U00096.3/2731152-2729618,0.2488599348534202,0.22996742671009773,0.31856677524429966,0.2026058631921824,rRNA
pre_12_train_U00096.3/223776-225310,0.2501628664495114,0.2293159609120521,0.3166123778501629,0.20390879478827362,rRNA
pre_13_train_U00096.3/3428757-3427226,0.2506527415143603,0.2297650130548303,0.3178851174934726,0.20169712793733682,rRNA
pre_14_train_U00096.3/4166664-4168195,0.25130548302872063,0.22845953002610966,0.3178851174934726,0.20234986945169714,rRNA
pre_15_train_U00096.3/4035536-4037067,0.25130548302872063,0.22845953002610966,0.31723237597911225,0.20300261096605743,rRNA
pre_16_train_U00096.3/2731152-2729621,0.24934725848563968,0.22911227154046998,0.3191906005221932,0.20234986945169714,rRNA
pre_17_train_U00096.3/4210042-4212945,0.2627410468319559,0.22004132231404958,0.3140495867768595,0.20316804407713498,rRNA
pre_18_train_U00096.3/225758-228661,0.2634297520661157,0.21866391184573003,0.31370523415977963,0.20420110192837465,rRNA
pre_19_train_U00096.3/4037518-4040422,0.2633390705679862,0.2189328743545611,0.3135972461273666,0.20413080895008606,rRNA
pre_20_train_U00096.3/3943703-3946606,0.26377410468319556,0.2196969696969697,0.3133608815426997,0.20316804407713498,rRNA
pre_21_train_U00096.3/3426784-3423881,0.2634297520661157,0.2196969696969697,0.31370523415977963,0.20316804407713498,rRNA
pre_22_train_U00096.3/2729184-2726281,0.26239669421487605,0.22004132231404958,0.3140495867768595,0.20351239669421486,rRNA
pre_23_train_U00096.3/4210043-4212946,0.26239669421487605,0.22004132231404958,0.3140495867768595,0.20351239669421486,rRNA
pre_24_train_U00096.3/225759-228662,0.2630853994490358,0.21866391184573003,0.31370523415977963,0.20454545454545456,rRNA
pre_25_train_U00096.3/4037519-4040423,0.2629948364888124,0.2189328743545611,0.3135972461273666,0.2044750430292599,rRNA
pre_26_train_U00096.3/3426783-3423880,0.2630853994490358,0.2196969696969697,0.31370523415977963,0.20351239669421486,rRNA
pre_27_train_U00096.3/2729025-2726292,0.2622531089978054,0.22055596196049743,0.31565471836137526,0.20153621068032188,rRNA
pre_28_train_U00096.3/4210202-4212928,0.2621928859552622,0.2203887055372204,0.31573157315731576,0.20168683535020168,rRNA
pre_29_train_U00096.3/4037678-4040405,0.2628299120234604,0.21920821114369501,0.3152492668621701,0.20271260997067447,rRNA
pre_30_train_U00096.3/225918-228644,0.2629262926292629,0.21892189218921893,0.31536486982031536,0.2027869453612028,rRNA
pre_31_train_U00096.3/3426624-3423891,0.26298463789319676,0.22019019751280175,0.3152889539136796,0.20153621068032188,rRNA
nameseq,A,C,G,T,label
pre_0_train_U00096.3/2025313-2025227,0.22988505747126436,0.2413793103448276,0.19540229885057472,0.3333333333333333,sRNA
pre_1_train_U00096.3/2924515-2924156,0.3055555555555556,0.18055555555555555,0.33055555555555555,0.18333333333333332,sRNA
pre_2_train_U00096.3/4049889-4050007,0.226890756302521,0.18487394957983194,0.24369747899159663,0.3445378151260504,sRNA
pre_3_train_U00096.3/4158394-4158285,0.2545454545454545,0.2818181818181818,0.20909090909090908,0.2545454545454545,sRNA
pre_4_train_U00096.3/3580987-3580923,0.2,0.24615384615384617,0.2153846153846154,0.3384615384615385,sRNA
pre_5_train_U00096.3/1146589-1146757,0.2781065088757396,0.1834319526627219,0.20118343195266272,0.33727810650887574,sRNA
pre_6_train_U00096.3/2814802-2814873,0.2638888888888889,0.2222222222222222,0.20833333333333334,0.3055555555555556,sRNA
pre_7_train_U00096.3/2976189-2976102,0.1590909090909091,0.25,0.25,0.3409090909090909,sRNA
pre_8_train_U00096.3/2976385-2976304,0.24390243902439024,0.2073170731707317,0.2682926829268293,0.2804878048780488,sRNA
pre_9_train_U00096.3/3350577-3350684,0.21296296296296297,0.28703703703703703,0.25,0.25,sRNA
pre_10_train_U00096.3/3986432-3986638,0.2318840579710145,0.26570048309178745,0.20772946859903382,0.2946859903381642,sRNA
pre_11_train_U00096.3/4051036-4051289,0.31496062992125984,0.1732283464566929,0.3110236220472441,0.20078740157480315,sRNA
pre_12_train_U00096.3/1923100-1923244,0.27586206896551724,0.2,0.2689655172413793,0.25517241379310346,sRNA
pre_13_train_U00096.3/888054-887976,0.13924050632911392,0.24050632911392406,0.21518987341772153,0.4050632911392405,sRNA
pre_14_train_U00096.3/1923203-1923104,0.23,0.29,0.2,0.28,sRNA
pre_15_train_U00096.3/2167112-2167197,0.29069767441860467,0.29069767441860467,0.1511627906976744,0.26744186046511625,sRNA
pre_16_train_U00096.3/3121358-3121579,0.26126126126126126,0.22072072072072071,0.21621621621621623,0.30180180180180183,sRNA
pre_17_train_U00096.3/1764768-1764708,0.2786885245901639,0.26229508196721313,0.32786885245901637,0.13114754098360656,sRNA
pre_18_train_U00096.3/1230629-1230707,0.3924050632911392,0.20253164556962025,0.22784810126582278,0.17721518987341772,sRNA
pre_19_train_U00096.3/3664861-3664974,0.20175438596491227,0.24561403508771928,0.23684210526315788,0.3157894736842105,sRNA
pre_20_train_U00096.3/2071315-2071518,0.30392156862745096,0.25980392156862747,0.16666666666666666,0.2696078431372549,sRNA
pre_21_train_U00096.3/2653855-2654158,0.20394736842105263,0.24671052631578946,0.27960526315789475,0.26973684210526316,sRNA
pre_22_train_U00096.3/189760-189846,0.2413793103448276,0.22988505747126436,0.27586206896551724,0.25287356321839083,sRNA
pre_23_train_U00096.3/2691340-2691193,0.2635135135135135,0.2905405405405405,0.22297297297297297,0.22297297297297297,sRNA
pre_24_train_U00096.3/686843-686681,0.25153374233128833,0.27607361963190186,0.22699386503067484,0.24539877300613497,sRNA
pre_25_train_U00096.3/1888102-1888017,0.2441860465116279,0.22093023255813954,0.29069767441860467,0.2441860465116279,sRNA
pre_26_train_U00096.3/2640686-2640595,0.22826086956521738,0.21739130434782608,0.2826086956521739,0.2717391304347826,sRNA
pre_27_train_U00096.3/4190487-4190327,0.3167701863354037,0.22981366459627328,0.2236024844720497,0.22981366459627328,sRNA
pre_28_train_U00096.3/1491506-1491443,0.140625,0.265625,0.234375,0.359375,sRNA
pre_29_train_U00096.3/2033649-2033738,0.12222222222222222,0.16666666666666666,0.18888888888888888,0.5222222222222223,sRNA
pre_30_train_U00096.3/1622948-1622735,0.2850467289719626,0.22429906542056074,0.21495327102803738,0.2757009345794392,sRNA
pre_31_train_U00096.3/4278066-4277926,0.2978723404255319,0.2553191489361702,0.2624113475177305,0.18439716312056736,sRNA
pre_32_train_U00096.3/1409129-1409246,0.211864406779661,0.22033898305084745,0.23728813559322035,0.3305084745762712,sRNA
pre_33_train_U00096.3/458816-458721,0.3229166666666667,0.19791666666666666,0.21875,0.2604166666666667,sRNA
pre_34_train_U00096.3/123014-122901,0.22807017543859648,0.22807017543859648,0.19298245614035087,0.3508771929824561,sRNA
pre_35_train_U00096.3/14090-14167,0.2948717948717949,0.21794871794871795,0.2564102564102564,0.23076923076923078,sRNA
pre_36_train_U00096.3/4441334-4441277,0.22413793103448276,0.25862068965517243,0.1896551724137931,0.3275862068965517,sRNA
pre_37_train_U00096.3/4332047-4332212,0.23493975903614459,0.21686746987951808,0.21686746987951808,0.3313253012048193,sRNA
pre_38_train_U00096.3/4235709-4235560,0.38,0.15333333333333332,0.16666666666666666,0.3,sRNA
pre_39_train_U00096.3/110960-111029,0.2571428571428571,0.22857142857142856,0.2571428571428571,0.2571428571428571,sRNA
pre_40_train_U00096.3/3915284-3915441,0.3037974683544304,0.20253164556962025,0.1962025316455696,0.2974683544303797,sRNA
pre_41_train_U00096.3/4060215-4060283,0.2753623188405797,0.18840579710144928,0.18840579710144928,0.34782608695652173,sRNA
pre_42_train_U00096.3/543188-543254,0.44776119402985076,0.19402985074626866,0.19402985074626866,0.16417910447761194,sRNA
pre_43_train_U00096.3/2087283-2087209,0.28,0.25333333333333335,0.18666666666666668,0.28,sRNA
pre_44_train_U00096.3/1335499-1335701,0.24630541871921183,0.24630541871921183,0.21674876847290642,0.29064039408866993,sRNA
pre_45_train_U00096.3/1737843-1737453,0.30179028132992325,0.2071611253196931,0.23017902813299232,0.2608695652173913,sRNA
pre_46_train_U00096.3/1795311-1795153,0.3081761006289308,0.27044025157232704,0.2138364779874214,0.20754716981132076,sRNA
pre_47_train_U00096.3/940868-940734,0.362962962962963,0.13333333333333333,0.22962962962962963,0.2740740740740741,sRNA
pre_48_train_U00096.3/4326081-4326005,0.15584415584415584,0.3246753246753247,0.3246753246753247,0.19480519480519481,sRNA
pre_49_train_U00096.3/4326181-4326105,0.18181818181818182,0.3246753246753247,0.2987012987012987,0.19480519480519481,sRNA
pre_50_train_U00096.3/4326381-4326305,0.16883116883116883,0.33766233766233766,0.3246753246753247,0.16883116883116883,sRNA
pre_51_train_U00096.3/216058-216134,0.16883116883116883,0.3116883116883117,0.3116883116883117,0.2077922077922078,sRNA
pre_52_train_U00096.3/3139624-3139700,0.18181818181818182,0.33766233766233766,0.2987012987012987,0.18181818181818182,sRNA
pre_53_train_U00096.3/4027473-4027550,0.16666666666666666,0.28205128205128205,0.3333333333333333,0.21794871794871795,sRNA
pre_54_train_U00096.3/758482-758412,0.14084507042253522,0.323943661971831,0.323943661971831,0.2112676056338028,sRNA
pre_55_train_U00096.3/375263-375186,0.1794871794871795,0.3076923076923077,0.32051282051282054,0.19230769230769232,sRNA
pre_56_train_U00096.3/4457188-4457265,0.1794871794871795,0.28205128205128205,0.3076923076923077,0.23076923076923078,sRNA
pre_57_train_U00096.3/4218439-4218516,0.16666666666666666,0.32051282051282054,0.3076923076923077,0.20512820512820512,sRNA
pre_58_train_U00096.3/375162-375085,0.1794871794871795,0.32051282051282054,0.32051282051282054,0.1794871794871795,sRNA
pre_59_train_U00096.3/4249324-4249394,0.18309859154929578,0.323943661971831,0.29577464788732394,0.19718309859154928,sRNA
pre_60_train_U00096.3/4285305-4285375,0.18309859154929578,0.30985915492957744,0.29577464788732394,0.2112676056338028,sRNA
pre_61_train_U00096.3/508585-508662,0.1794871794871795,0.358974358974359,0.2692307692307692,0.19230769230769232,sRNA
pre_62_train_U00096.3/411134-411213,0.175,0.325,0.3,0.2,sRNA
pre_63_train_U00096.3/377391-377468,0.15384615384615385,0.3333333333333333,0.3076923076923077,0.20512820512820512,sRNA
pre_64_train_U00096.3/4103587-4103510,0.20512820512820512,0.2564102564102564,0.32051282051282054,0.21794871794871795,sRNA
pre_65_train_U00096.3/111549-111626,0.19230769230769232,0.3076923076923077,0.28205128205128205,0.21794871794871795,sRNA
pre_66_train_U00096.3/837658-837588,0.2112676056338028,0.30985915492957744,0.29577464788732394,0.18309859154929578,sRNA
pre_67_train_U00096.3/339880-339811,0.21428571428571427,0.3,0.3,0.18571428571428572,sRNA
pre_68_train_U00096.3/111433-111509,0.18181818181818182,0.3116883116883117,0.2857142857142857,0.22077922077922077,sRNA
pre_69_train_U00096.3/2317027-2316951,0.2077922077922078,0.2857142857142857,0.2987012987012987,0.2077922077922078,sRNA
pre_70_train_U00096.3/4614462-4614540,0.16455696202531644,0.31645569620253167,0.3037974683544304,0.21518987341772153,sRNA
pre_71_train_U00096.3/3392198-3392129,0.15714285714285714,0.3,0.3142857142857143,0.22857142857142856,sRNA
pre_72_train_U00096.3/4296024-4296094,0.18309859154929578,0.323943661971831,0.28169014084507044,0.2112676056338028,sRNA
pre_73_train_U00096.3/248203-248280,0.16666666666666666,0.28205128205128205,0.32051282051282054,0.23076923076923078,sRNA
pre_74_train_U00096.3/4614361-4614439,0.16455696202531644,0.31645569620253167,0.3037974683544304,0.21518987341772153,sRNA
pre_75_train_U00096.3/2347277-2347207,0.15492957746478872,0.3380281690140845,0.3380281690140845,0.16901408450704225,sRNA
pre_76_train_U00096.3/2304646-2304729,0.17857142857142858,0.32142857142857145,0.30952380952380953,0.19047619047619047,sRNA
pre_77_train_U00096.3/3392289-3392220,0.14285714285714285,0.3,0.32857142857142857,0.22857142857142856,sRNA
pre_78_train_U00096.3/900752-900832,0.16049382716049382,0.345679012345679,0.32098765432098764,0.1728395061728395,sRNA
pre_79_train_U00096.3/4614260-4614338,0.189873417721519,0.31645569620253167,0.2911392405063291,0.20253164556962025,sRNA
pre_80_train_U00096.3/4053533-4053610,0.16666666666666666,0.28205128205128205,0.3333333333333333,0.21794871794871795,sRNA
pre_81_train_U00096.3/3042395-3042472,0.16666666666666666,0.2948717948717949,0.32051282051282054,0.21794871794871795,sRNA
pre_82_train_U00096.3/501447-501524,0.15384615384615385,0.3076923076923077,0.2948717948717949,0.24358974358974358,sRNA
pre_83_train_U00096.3/2304759-2304842,0.16666666666666666,0.30952380952380953,0.32142857142857145,0.20238095238095238,sRNA
pre_84_train_U00096.3/244132-244209,0.16666666666666666,0.2948717948717949,0.2948717948717949,0.24358974358974358,sRNA
pre_85_train_U00096.3/2118524-2118594,0.18309859154929578,0.30985915492957744,0.30985915492957744,0.19718309859154928,sRNA
pre_86_train_U00096.3/3231382-3231301,0.13414634146341464,0.3170731707317073,0.35365853658536583,0.1951219512195122,sRNA
pre_87_train_U00096.3/339973-339904,0.18571428571428572,0.3142857142857143,0.32857142857142857,0.17142857142857143,sRNA
pre_88_train_U00096.3/2662430-2662359,0.18055555555555555,0.3055555555555556,0.3055555555555556,0.20833333333333334,sRNA
pre_89_train_U00096.3/2568269-2568188,0.14634146341463414,0.32926829268292684,0.34146341463414637,0.18292682926829268,sRNA
pre_90_train_U00096.3/354690-354766,0.18181818181818182,0.3246753246753247,0.2987012987012987,0.19480519480519481,sRNA
pre_91_train_U00096.3/4295911-4295981,0.2112676056338028,0.29577464788732394,0.2676056338028169,0.22535211267605634,sRNA
pre_92_train_U00096.3/3392380-3392311,0.12857142857142856,0.3142857142857143,0.34285714285714286,0.21428571428571427,sRNA
pre_93_train_U00096.3/4450947-4451025,0.16455696202531644,0.3291139240506329,0.31645569620253167,0.189873417721519,sRNA
pre_94_train_U00096.3/4094411-4094481,0.18309859154929578,0.30985915492957744,0.28169014084507044,0.22535211267605634,sRNA
pre_95_train_U00096.3/1062488-1062410,0.21518987341772153,0.31645569620253167,0.27848101265822783,0.189873417721519,sRNA
pre_96_train_U00096.3/4323249-4323329,0.1728395061728395,0.3333333333333333,0.30864197530864196,0.18518518518518517,sRNA
pre_97_train_U00096.3/3708275-3708354,0.1875,0.3125,0.3125,0.1875,sRNA
pre_98_train_U00096.3/3313325-3313255,0.15492957746478872,0.23943661971830985,0.3380281690140845,0.2676056338028169,sRNA
pre_99_train_U00096.3/4245095-4245165,0.22535211267605634,0.30985915492957744,0.2535211267605634,0.2112676056338028,sRNA
pre_100_train_U00096.3/3231482-3231401,0.14634146341463414,0.32926829268292684,0.35365853658536583,0.17073170731707318,sRNA
pre_101_train_U00096.3/4628698-4628776,0.17721518987341772,0.3291139240506329,0.27848101265822783,0.21518987341772153,sRNA
pre_102_train_U00096.3/508662-508585,0.19230769230769232,0.2692307692307692,0.358974358974359,0.1794871794871795,sRNA
pre_103_train_U00096.3/2304420-2304503,0.17857142857142858,0.35714285714285715,0.30952380952380953,0.15476190476190477,sRNA
pre_104_train_U00096.3/508763-508686,0.20512820512820512,0.28205128205128205,0.3333333333333333,0.1794871794871795,sRNA
pre_105_train_U00096.3/375362-375287,0.19736842105263158,0.2894736842105263,0.3026315789473684,0.21052631578947367,sRNA
pre_106_train_U00096.3/375085-375162,0.1794871794871795,0.32051282051282054,0.32051282051282054,0.1794871794871795,sRNA
pre_107_train_U00096.3/375186-375263,0.19230769230769232,0.32051282051282054,0.3076923076923077,0.1794871794871795,sRNA
pre_108_train_U00096.3/2593057-2592981,0.18181818181818182,0.3116883116883117,0.2987012987012987,0.2077922077922078,sRNA
pre_109_train_U00096.3/3150740-3150670,0.19718309859154928,0.29577464788732394,0.29577464788732394,0.2112676056338028,sRNA
pre_110_train_U00096.3/3098534-3098464,0.19718309859154928,0.323943661971831,0.28169014084507044,0.19718309859154928,sRNA
pre_111_train_U00096.3/805859-805929,0.19718309859154928,0.28169014084507044,0.2535211267605634,0.2676056338028169,sRNA
pre_112_train_U00096.3/66675-66610,0.21212121212121213,0.3181818181818182,0.30303030303030304,0.16666666666666666,sRNA
pre_113_train_U00096.3/3139700-3139624,0.18181818181818182,0.2987012987012987,0.33766233766233766,0.18181818181818182,sRNA
pre_114_train_U00096.3/762854-762925,0.2222222222222222,0.2638888888888889,0.3055555555555556,0.20833333333333334,sRNA
pre_115_train_U00096.3/1958748-1958441,0.237012987012987,0.2532467532467532,0.2694805194805195,0.24025974025974026,sRNA
pre_116_train_U00096.3/1413556-1413734,0.2122905027932961,0.18435754189944134,0.18435754189944134,0.41899441340782123,sRNA
pre_117_train_U00096.3/29551-29603,0.24528301886792453,0.16981132075471697,0.22641509433962265,0.3584905660377358,sRNA
pre_118_train_U00096.3/740988-741030,0.3953488372093023,0.13953488372093023,0.18604651162790697,0.27906976744186046,sRNA
pre_119_train_U00096.3/3705997-3706039,0.3488372093023256,0.18604651162790697,0.16279069767441862,0.3023255813953488,sRNA
pre_120_train_U00096.3/1816219-1816261,0.3953488372093023,0.18604651162790697,0.18604651162790697,0.23255813953488372,sRNA
pre_121_train_U00096.3/2714346-2714304,0.32558139534883723,0.20930232558139536,0.20930232558139536,0.2558139534883721,sRNA
pre_122_train_U00096.3/4108633-4108592,0.38095238095238093,0.14285714285714285,0.16666666666666666,0.30952380952380953,sRNA
pre_123_train_U00096.3/3070037-3070079,0.37209302325581395,0.18604651162790697,0.18604651162790697,0.2558139534883721,sRNA
pre_124_train_U00096.3/2945959-2945917,0.37209302325581395,0.18604651162790697,0.18604651162790697,0.2558139534883721,sRNA
pre_125_train_U00096.3/3741027-3740985,0.37209302325581395,0.18604651162790697,0.11627906976744186,0.32558139534883723,sRNA
pre_126_train_U00096.3/1103343-1103252,0.2608695652173913,0.1956521739130435,0.16304347826086957,0.3804347826086957,sRNA
pre_127_train_U00096.3/3156521-3156584,0.21875,0.3125,0.125,0.34375,sRNA
pre_128_train_U00096.3/3659011-3659082,0.2361111111111111,0.25,0.2361111111111111,0.2777777777777778,sRNA
pre_129_train_U00096.3/4436566-4436688,0.36585365853658536,0.17886178861788618,0.21138211382113822,0.24390243902439024,sRNA
pre_130_train_U00096.3/2734292-2734154,0.2517985611510791,0.2014388489208633,0.2158273381294964,0.33093525179856115,sRNA
pre_131_train_U00096.3/105224-105313,0.3111111111111111,0.16666666666666666,0.2777777777777778,0.24444444444444444,sRNA
pre_132_train_U00096.3/190685-190794,0.2545454545454545,0.22727272727272727,0.34545454545454546,0.17272727272727273,sRNA
nameseq,A,C,G,T,label
pre_0_train_U00096.3/780554-780626,0.2191780821917808,0.2191780821917808,0.273972602739726,0.2876712328767123,tRNA
pre_1_train_U00096.3/4175754-4175826,0.2191780821917808,0.2191780821917808,0.3150684931506849,0.2465753424657534,tRNA
pre_2_train_U00096.3/3215598-3215670,0.1917808219178082,0.273972602739726,0.3150684931506849,0.2191780821917808,tRNA
pre_3_train_U00096.3/4175388-4175460,0.2465753424657534,0.2328767123287671,0.273972602739726,0.2465753424657534,tRNA
pre_4_train_U00096.3/2044549-2044621,0.2054794520547945,0.2191780821917808,0.3013698630136986,0.273972602739726,tRNA
pre_5_train_U00096.3/564723-564796,0.1891891891891892,0.28378378378378377,0.32432432432432434,0.20270270270270271,tRNA
pre_6_train_U00096.3/2999057-2998987,0.19718309859154928,0.28169014084507044,0.28169014084507044,0.23943661971830985,tRNA
pre_7_train_U00096.3/3423655-3423583,0.1917808219178082,0.2328767123287671,0.3287671232876712,0.2465753424657534,tRNA
pre_8_train_U00096.3/3110366-3110438,0.1917808219178082,0.2602739726027397,0.3287671232876712,0.2191780821917808,tRNA
pre_9_train_U00096.3/1992117-1992045,0.1643835616438356,0.2602739726027397,0.3424657534246575,0.2328767123287671,tRNA
pre_10_train_U00096.3/1746435-1746508,0.20270270270270271,0.21621621621621623,0.3108108108108108,0.2702702702702703,tRNA
pre_11_train_U00096.3/2817860-2817787,0.21621621621621623,0.28378378378378377,0.3108108108108108,0.1891891891891892,tRNA
pre_12_train_U00096.3/228928-229001,0.13513513513513514,0.2702702702702703,0.36486486486486486,0.22972972972972974,tRNA
pre_13_train_U00096.3/1746516-1746589,0.16216216216216217,0.25675675675675674,0.35135135135135137,0.22972972972972974,tRNA
pre_14_train_U00096.3/3946957-3947029,0.1780821917808219,0.2602739726027397,0.3287671232876712,0.2328767123287671,tRNA
pre_15_train_U00096.3/2043557-2043471,0.21839080459770116,0.2988505747126437,0.3333333333333333,0.14942528735632185,tRNA
pre_16_train_U00096.3/4175673-4175744,0.16666666666666666,0.3055555555555556,0.2638888888888889,0.2638888888888889,tRNA
pre_17_train_U00096.3/1031712-1031628,0.21176470588235294,0.25882352941176473,0.3411764705882353,0.18823529411764706,tRNA
pre_18_train_U00096.3/3982735-3982808,0.16216216216216217,0.25675675675675674,0.36486486486486486,0.21621621621621623,tRNA
pre_19_train_U00096.3/696830-696759,0.19444444444444445,0.2777777777777778,0.2916666666666667,0.2361111111111111,tRNA
pre_20_train_U00096.3/696504-696433,0.19444444444444445,0.2916666666666667,0.2916666666666667,0.2222222222222222,tRNA
pre_21_train_U00096.3/2520931-2521003,0.1917808219178082,0.2876712328767123,0.3287671232876712,0.1917808219178082,tRNA
pre_22_train_U00096.3/2466309-2466380,0.25,0.2361111111111111,0.25,0.2638888888888889,tRNA
pre_23_train_U00096.3/2818645-2818556,0.18888888888888888,0.28888888888888886,0.35555555555555557,0.16666666666666666,tRNA
pre_24_train_U00096.3/4496405-4496486,0.2682926829268293,0.24390243902439024,0.2926829268292683,0.1951219512195122,tRNA
pre_25_train_U00096.3/3318289-3318216,0.1891891891891892,0.32432432432432434,0.32432432432432434,0.16216216216216217,tRNA
pre_26_train_U00096.3/4175472-4175553,0.23170731707317074,0.3048780487804878,0.2804878048780488,0.18292682926829268,tRNA
pre_27_train_U00096.3/1287328-1287247,0.21951219512195122,0.3048780487804878,0.2804878048780488,0.1951219512195122,tRNA
pre_28_train_U00096.3/2518116-2518044,0.1917808219178082,0.2602739726027397,0.3424657534246575,0.2054794520547945,tRNA
pre_29_train_U00096.3/2729444-2729372,0.1780821917808219,0.3424657534246575,0.3013698630136986,0.1780821917808219,tRNA
pre_30_train_U00096.3/1991901-1991818,0.19047619047619047,0.2619047619047619,0.3333333333333333,0.21428571428571427,tRNA
pre_31_train_U00096.3/3708692-3708619,0.17567567567567569,0.25675675675675674,0.35135135135135137,0.21621621621621623,tRNA
pre_32_train_U00096.3/697047-696966,0.1951219512195122,0.25609756097560976,0.34146341463414637,0.2073170731707317,tRNA
pre_33_train_U00096.3/1991987-1991917,0.2112676056338028,0.2676056338028169,0.29577464788732394,0.22535211267605634,tRNA
pre_34_train_U00096.3/3322158-3322075,0.19047619047619047,0.2261904761904762,0.34523809523809523,0.23809523809523808,tRNA
pre_35_train_U00096.3/2286211-2286284,0.14864864864864866,0.28378378378378377,0.3783783783783784,0.1891891891891892,tRNA
pre_36_train_U00096.3/4606286-4606203,0.16666666666666666,0.25,0.34523809523809523,0.23809523809523808,tRNA
pre_37_train_U00096.3/3982606-3982689,0.16666666666666666,0.2619047619047619,0.34523809523809523,0.2261904761904762,tRNA
pre_38_train_U00096.3/3836223-3836312,0.14444444444444443,0.3,0.3333333333333333,0.2222222222222222,tRNA
pre_39_train_U00096.3/3836222-3836312,0.14285714285714285,0.2967032967032967,0.34065934065934067,0.21978021978021978,tRNA
nameseq,A,C,G,T,label
pre_0_test_U00096.3/3941813-3943344,0.2519582245430809,0.22911227154046998,0.31723237597911225,0.20169712793733682,rRNA
pre_1_test_U00096.3/2729185-2726282,0.2627410468319559,0.22004132231404958,0.3140495867768595,0.20316804407713498,rRNA
pre_2_test_U00096.3/4171639-4171754,0.19827586206896552,0.3017241379310345,0.3448275862068966,0.15517241379310345,rRNA
pre_3_test_U00096.3/4166664-4168198,0.250814332247557,0.2293159609120521,0.3172638436482085,0.2026058631921824,rRNA
pre_4_test_U00096.3/3943704-3946607,0.2634297520661157,0.2196969696969697,0.3133608815426997,0.20351239669421486,rRNA
pre_5_test_U00096.3/3943863-3946589,0.26329299596626327,0.22002200220022003,0.314998166483315,0.20168683535020168,rRNA
pre_6_test_U00096.3/3941813-3943347,0.2514657980456026,0.22996742671009773,0.3166123778501629,0.20195439739413681,rRNA
pre_7_test_U00096.3/223776-225307,0.2506527415143603,0.22845953002610966,0.31723237597911225,0.20365535248041775,rRNA
nameseq,A,C,G,T,label
pre_0_test_U00096.3/4027375-4027452,0.15384615384615385,0.28205128205128205,0.32051282051282054,0.24358974358974358,sRNA
pre_1_test_U00096.3/2691339-2691155,0.25405405405405407,0.2810810810810811,0.22162162162162163,0.24324324324324326,sRNA
pre_2_test_U00096.3/507204-507287,0.3333333333333333,0.19047619047619047,0.17857142857142858,0.2976190476190476,sRNA
pre_3_test_U00096.3/3311227-3311398,0.2616279069767442,0.3023255813953488,0.19767441860465115,0.23837209302325582,sRNA
pre_4_test_U00096.3/1405751-1405656,0.22916666666666666,0.19791666666666666,0.3020833333333333,0.2708333333333333,sRNA
pre_5_test_U00096.3/2177481-2177411,0.2112676056338028,0.28169014084507044,0.28169014084507044,0.22535211267605634,sRNA
pre_6_test_U00096.3/4235424-4235494,0.16901408450704225,0.3380281690140845,0.323943661971831,0.16901408450704225,sRNA
pre_7_test_U00096.3/4094319-4094389,0.16901408450704225,0.3380281690140845,0.30985915492957744,0.18309859154929578,sRNA
pre_8_test_U00096.3/4325981-4325905,0.15584415584415584,0.3116883116883117,0.3246753246753247,0.2077922077922078,sRNA
pre_9_test_U00096.3/638707-638800,0.2872340425531915,0.23404255319148937,0.26595744680851063,0.2127659574468085,sRNA
pre_10_test_U00096.3/4325881-4325805,0.16883116883116883,0.33766233766233766,0.3116883116883117,0.18181818181818182,sRNA
pre_11_test_U00096.3/4614563-4614641,0.16455696202531644,0.31645569620253167,0.3291139240506329,0.189873417721519,sRNA
pre_12_test_U00096.3/3986434-3986582,0.24161073825503357,0.28859060402684567,0.20134228187919462,0.2684563758389262,sRNA
pre_13_test_U00096.3/1113480-1113438,0.3953488372093023,0.16279069767441862,0.20930232558139536,0.23255813953488372,sRNA
pre_14_test_U00096.3/4094503-4094573,0.18309859154929578,0.30985915492957744,0.29577464788732394,0.2112676056338028,sRNA
pre_15_test_U00096.3/247461-247538,0.16666666666666666,0.28205128205128205,0.3333333333333333,0.21794871794871795,sRNA
pre_16_test_U00096.3/2316913-2316837,0.24675324675324675,0.2857142857142857,0.2727272727272727,0.19480519480519481,sRNA
pre_17_test_U00096.3/984395-984437,0.3488372093023256,0.18604651162790697,0.2558139534883721,0.20930232558139536,sRNA
pre_18_test_U00096.3/2236680-2236603,0.20512820512820512,0.32051282051282054,0.32051282051282054,0.15384615384615385,sRNA
pre_19_test_U00096.3/4296363-4296431,0.18840579710144928,0.30434782608695654,0.2753623188405797,0.2318840579710145,sRNA
pre_20_test_U00096.3/2304985-2305067,0.1927710843373494,0.30120481927710846,0.30120481927710846,0.20481927710843373,sRNA
pre_21_test_U00096.3/4058218-4058325,0.2777777777777778,0.21296296296296297,0.21296296296296297,0.2962962962962963,sRNA
pre_22_test_U00096.3/2592981-2593057,0.2077922077922078,0.2987012987012987,0.3116883116883117,0.18181818181818182,sRNA
pre_23_test_U00096.3/1770372-1770479,0.28703703703703703,0.19444444444444445,0.18518518518518517,0.3333333333333333,sRNA
pre_24_test_U00096.3/349752-349823,0.2222222222222222,0.3194444444444444,0.2916666666666667,0.16666666666666666,sRNA
pre_25_test_U00096.3/1437118-1437238,0.2396694214876033,0.19834710743801653,0.19008264462809918,0.371900826446281,sRNA
pre_26_test_U00096.3/508686-508763,0.1794871794871795,0.3333333333333333,0.28205128205128205,0.20512820512820512,sRNA
pre_27_test_U00096.3/2653515-2653723,0.3444976076555024,0.20574162679425836,0.14832535885167464,0.3014354066985646,sRNA
pre_28_test_U00096.3/375061-374984,0.19230769230769232,0.32051282051282054,0.3076923076923077,0.1794871794871795,sRNA
pre_29_test_U00096.3/4019978-4020229,0.23412698412698413,0.25793650793650796,0.31746031746031744,0.19047619047619047,sRNA
pre_30_test_U00096.3/1972739-1972816,0.3076923076923077,0.24358974358974358,0.21794871794871795,0.23076923076923078,sRNA
pre_31_test_U00096.3/2808134-2808211,0.14102564102564102,0.2948717948717949,0.3076923076923077,0.2564102564102564,sRNA
pre_32_test_U00096.3/3203265-3203195,0.19718309859154928,0.3380281690140845,0.28169014084507044,0.18309859154929578,sRNA
nameseq,A,C,G,T,label
pre_0_test_U00096.3/3982510-3982582,0.1780821917808219,0.2328767123287671,0.2876712328767123,0.3013698630136986,tRNA
pre_1_test_U00096.3/225500-225572,0.1643835616438356,0.2876712328767123,0.3424657534246575,0.2054794520547945,tRNA
pre_2_test_U00096.3/225381-225454,0.20270270270270271,0.22972972972972974,0.33783783783783783,0.22972972972972974,tRNA
pre_3_test_U00096.3/262871-262943,0.2328767123287671,0.2191780821917808,0.2876712328767123,0.2602739726027397,tRNA
pre_4_test_U00096.3/3982375-3982448,0.14864864864864866,0.3108108108108108,0.36486486486486486,0.17567567567567569,tRNA
pre_5_test_U00096.3/2947387-2947460,0.17567567567567569,0.32432432432432434,0.33783783783783783,0.16216216216216217,tRNA
pre_6_test_U00096.3/297178-297251,0.2972972972972973,0.20270270270270271,0.21621621621621623,0.28378378378378377,tRNA
pre_7_test_U00096.3/696740-696667,0.24324324324324326,0.24324324324324326,0.2702702702702703,0.24324324324324326,tRNA
pre_8_test_U00096.3/925971-925887,0.2,0.25882352941176473,0.35294117647058826,0.18823529411764706,tRNA
pre_9_test_U00096.3/2785837-2785765,0.2054794520547945,0.2602739726027397,0.3013698630136986,0.2328767123287671,tRNA
