nameseq,AA,AC,AG,AT,CA,CC,CG,CT,GA,GC,GG,GT,TA,TC,TG,TT,label
pre_0_train_U00096.3/228758-228873,0.043478260869565216,0.043478260869565216,0.0782608695652174,0.02608695652173913,0.043478260869565216,0.13043478260869565,0.08695652173913043,0.043478260869565216,0.06956521739130435,0.09565217391304348,0.09565217391304348,0.08695652173913043,0.034782608695652174,0.034782608695652174,0.08695652173913043,0.0,rRNA
pre_1_train_U00096.3/4040519-4040634,0.043478260869565216,0.043478260869565216,0.08695652173913043,0.02608695652173913,0.05217391304347826,0.10434782608695652,0.0782608695652174,0.05217391304347826,0.06956521739130435,0.09565217391304348,0.09565217391304348,0.08695652173913043,0.034782608695652174,0.043478260869565216,0.08695652173913043,0.0,rRNA
pre_2_train_U00096.3/3423540-3423425,0.043478260869565216,0.05217391304347826,0.08695652173913043,0.02608695652173913,0.05217391304347826,0.11304347826086956,0.0782608695652174,0.043478260869565216,0.0782608695652174,0.08695652173913043,0.08695652173913043,0.08695652173913043,0.034782608695652174,0.043478260869565216,0.08695652173913043,0.0,rRNA
pre_3_train_U00096.3/3941808-3943349,0.07332900713822194,0.06099935107073329,0.07462686567164178,0.043478260869565216,0.05645684620376379,0.054510058403634,0.06554185593770279,0.05256327060350422,0.07852044127190136,0.07073329007138222,0.10058403634003893,0.06554185593770279,0.04412719013627515,0.04282933160285529,0.07462686567164178,0.04153147306943543,rRNA
pre_4_train_U00096.3/3428762-3427221,0.07397793640493186,0.06099935107073329,0.07268007787151201,0.043478260869565216,0.05645684620376379,0.05515898767034393,0.06619078520441272,0.05191434133679429,0.07852044127190136,0.07073329007138222,0.10123296560674887,0.06554185593770279,0.04218040233614536,0.04282933160285529,0.07592472420506165,0.04218040233614536,rRNA
pre_5_train_U00096.3/2731157-2729616,0.07268007787151201,0.05905256327060351,0.07397793640493186,0.04412719013627515,0.05645684620376379,0.054510058403634,0.06554185593770279,0.05256327060350422,0.07852044127190136,0.07268007787151201,0.10123296560674887,0.06489292667099286,0.04218040233614536,0.04282933160285529,0.07657365347177157,0.04218040233614536,rRNA
pre_6_train_U00096.3/4035531-4037072,0.07332900713822194,0.06035042180402336,0.07462686567164178,0.043478260869565216,0.05515898767034393,0.054510058403634,0.06554185593770279,0.053212199870214145,0.07852044127190136,0.07073329007138222,0.10058403634003893,0.06554185593770279,0.04477611940298507,0.04282933160285529,0.07462686567164178,0.04218040233614536,rRNA
pre_7_train_U00096.3/4166659-4168200,0.07332900713822194,0.06035042180402336,0.07462686567164178,0.043478260869565216,0.05515898767034393,0.054510058403634,0.06554185593770279,0.053212199870214145,0.0791693705386113,0.07073329007138222,0.10123296560674887,0.06489292667099286,0.04412719013627515,0.04282933160285529,0.07462686567164178,0.04218040233614536,rRNA
pre_8_train_U00096.3/223771-225312,0.07268007787151201,0.06099935107073329,0.07397793640493186,0.043478260869565216,0.055807916937053864,0.05386112913692408,0.06424399740428294,0.054510058403634,0.07852044127190136,0.07073329007138222,0.10188189487345879,0.06424399740428294,0.04412719013627515,0.04282933160285529,0.07527579493835172,0.04282933160285529,rRNA
pre_9_train_U00096.3/4035536-4037070,0.07235984354628422,0.060625814863103,0.07496740547588006,0.04302477183833116,0.05541069100391134,0.054758800521512385,0.06584093872229466,0.05345501955671447,0.0788787483702738,0.0710560625814863,0.10104302477183832,0.06584093872229466,0.04432855280312908,0.04302477183833116,0.07431551499348109,0.04106910039113429,rRNA
pre_10_train_U00096.3/3428757-3427223,0.07301173402868318,0.061277705345501955,0.07301173402868318,0.04302477183833116,0.056714471968709254,0.05541069100391134,0.06649282920469361,0.05215123859191656,0.0788787483702738,0.0710560625814863,0.1016949152542373,0.06584093872229466,0.041720990873533245,0.04302477183833116,0.07561929595827901,0.04106910039113429,rRNA
pre_11_train_U00096.3/2731152-2729618,0.07170795306388526,0.059322033898305086,0.07431551499348109,0.043676662320730114,0.056714471968709254,0.054758800521512385,0.06584093872229466,0.052803129074315516,0.0788787483702738,0.07301173402868318,0.1016949152542373,0.0651890482398957,0.041720990873533245,0.04302477183833116,0.07627118644067797,0.04106910039113429,rRNA
pre_12_train_U00096.3/223776-225310,0.07170795306388526,0.061277705345501955,0.07431551499348109,0.04302477183833116,0.0560625814863103,0.05410691003911343,0.06453715775749674,0.054758800521512385,0.0788787483702738,0.0710560625814863,0.10234680573663625,0.06453715775749674,0.043676662320730114,0.04302477183833116,0.07496740547588006,0.041720990873533245,rRNA
pre_13_train_U00096.3/3428757-3427226,0.07315480078380143,0.06139777922926192,0.07315480078380143,0.04310907903331156,0.05682560418027433,0.054866100587851074,0.06662312214239059,0.051600261267145654,0.0790333115610712,0.07119529719137818,0.10189418680600915,0.0659699542782495,0.041802743305029394,0.042455911169170475,0.07576747224036577,0.041149575440888306,rRNA
pre_14_train_U00096.3/4166664-4168195,0.07250163291966036,0.06074461136512083,0.07511430437622468,0.04310907903331156,0.05551926845199216,0.05421293272370999,0.0659699542782495,0.052906596995427824,0.07968647942521227,0.07119529719137818,0.10189418680600915,0.06531678641410843,0.043762246897452645,0.042455911169170475,0.07446113651208361,0.041149575440888306,rRNA
pre_15_train_U00096.3/4035536-4037067,0.07250163291966036,0.06074461136512083,0.07511430437622468,0.04310907903331156,0.05551926845199216,0.05421293272370999,0.0659699542782495,0.052906596995427824,0.0790333115610712,0.07119529719137818,0.10124101894186806,0.0659699542782495,0.04441541476159373,0.042455911169170475,0.07446113651208361,0.041149575440888306,rRNA
pre_16_train_U00096.3/2731152-2729621,0.07184846505551927,0.05943827563683867,0.07446113651208361,0.043762246897452645,0.05682560418027433,0.05421293272370999,0.0659699542782495,0.05225342913128674,0.0790333115610712,0.07315480078380143,0.10189418680600915,0.06531678641410843,0.041802743305029394,0.042455911169170475,0.07642064010450686,0.041149575440888306,rRNA
pre_17_train_U00096.3/4210042-4212945,0.08473992421632794,0.05614881157423355,0.07647261453668619,0.045470203238029624,0.0461591457113331,0.05856011023079573,0.06579400620048226,0.0496038580778505,0.08163968308646229,0.066138477437134,0.09541853255253187,0.07096107475025835,0.049948329314502236,0.03926972097829831,0.07647261453668619,0.03720289355838787,rRNA
pre_18_train_U00096.3/225758-228661,0.08508439545297967,0.056837754047537034,0.07647261453668619,0.045125732001377886,0.045470203238029624,0.05787116775749225,0.06510506372717878,0.050292800551153975,0.08198415432311403,0.06510506372717878,0.09507406131588013,0.07165001722356183,0.05063727178780572,0.03892524974164657,0.07716155700998967,0.03720289355838787,rRNA
pre_19_train_U00096.3/4037518-4040422,0.08505509641873278,0.056818181818181816,0.07644628099173553,0.04511019283746556,0.04648760330578512,0.058195592286501376,0.06439393939393939,0.04993112947658402,0.08161157024793389,0.06508264462809918,0.09504132231404959,0.07196969696969698,0.04993112947658402,0.038911845730027546,0.07782369146005509,0.0371900826446281,rRNA
pre_20_train_U00096.3/3943703-3946606,0.08473992421632794,0.05649328281088529,0.07681708577333793,0.04581467447468136,0.04650361694798484,0.05787116775749225,0.06579400620048226,0.0496038580778505,0.08232862555976576,0.066138477437134,0.09438511884257665,0.07061660351360662,0.049948329314502236,0.03926972097829831,0.07647261453668619,0.03720289355838787,rRNA
pre_21_train_U00096.3/3426784-3423881,0.08542886668963141,0.05649328281088529,0.07647261453668619,0.045125732001377886,0.0461591457113331,0.05821563899414399,0.06579400620048226,0.0496038580778505,0.08129521184981055,0.06648294867378574,0.09507406131588013,0.07096107475025835,0.050292800551153975,0.038580778504994834,0.07647261453668619,0.03754736479503962,rRNA
pre_22_train_U00096.3/2729184-2726281,0.08508439545297967,0.05614881157423355,0.07578367206338271,0.045470203238029624,0.0461591457113331,0.05890458146744747,0.06579400620048226,0.04925938684119876,0.0809507406131588,0.066138477437134,0.09610747502583535,0.07096107475025835,0.050292800551153975,0.03892524974164657,0.07612814330003445,0.037891836031691356,rRNA
pre_23_train_U00096.3/4210043-4212946,0.08473992421632794,0.05614881157423355,0.07612814330003445,0.045470203238029624,0.0461591457113331,0.05856011023079573,0.06579400620048226,0.0496038580778505,0.08163968308646229,0.066138477437134,0.09541853255253187,0.07096107475025835,0.049948329314502236,0.03926972097829831,0.07647261453668619,0.03754736479503962,rRNA
pre_24_train_U00096.3/225759-228662,0.08508439545297967,0.056837754047537034,0.07612814330003445,0.045125732001377886,0.045470203238029624,0.05787116775749225,0.06510506372717878,0.050292800551153975,0.08198415432311403,0.06510506372717878,0.09507406131588013,0.07165001722356183,0.05063727178780572,0.03892524974164657,0.07716155700998967,0.03754736479503962,rRNA
pre_25_train_U00096.3/4037519-4040423,0.08505509641873278,0.056818181818181816,0.07610192837465565,0.04511019283746556,0.04648760330578512,0.058195592286501376,0.06439393939393939,0.04993112947658402,0.08161157024793389,0.06508264462809918,0.09504132231404959,0.07196969696969698,0.04993112947658402,0.038911845730027546,0.07782369146005509,0.03753443526170799,rRNA
pre_26_train_U00096.3/3426783-3423880,0.08542886668963141,0.05649328281088529,0.07612814330003445,0.045125732001377886,0.0461591457113331,0.05821563899414399,0.06579400620048226,0.0496038580778505,0.08129521184981055,0.06648294867378574,0.09507406131588013,0.07096107475025835,0.050292800551153975,0.038580778504994834,0.07647261453668619,0.037891836031691356,rRNA
pre_27_train_U00096.3/2729025-2726292,0.08562019758507135,0.055250640321990487,0.07683863885839737,0.04427369191364801,0.0464690815953165,0.059641419685327476,0.06512989388949872,0.04939626783754116,0.08086351994145627,0.06659348701061105,0.09732894255397,0.07098426637394804,0.04903036955726308,0.03915111598975485,0.07647274057811929,0.03695572630808635,rRNA
pre_28_train_U00096.3/4210202-4212928,0.0851063829787234,0.055025678650036686,0.07740278796771827,0.04438738077769626,0.04658840792369773,0.059060895084372705,0.06493030080704329,0.049889948642699924,0.08143800440205429,0.06676449009537784,0.09684519442406456,0.07079970652971386,0.04878943506969919,0.03961848862802641,0.07666911225238444,0.036683785766691124,rRNA
pre_29_train_U00096.3/4037678-4040405,0.08544187752108544,0.055738907224055737,0.07737440410707737,0.04400440044004401,0.04693802713604694,0.058672533920058674,0.06343967730106344,0.050238357169050236,0.0814081408140814,0.06563989732306565,0.09644297763109644,0.07187385405207188,0.04877154382104877,0.039237257059039236,0.0781078107810781,0.03667033370003667,rRNA
pre_30_train_U00096.3/225918-228644,0.08547322083639032,0.05575935436537051,0.07740278796771827,0.04402054292002935,0.045854732208363905,0.05832721936903888,0.06419662509170947,0.05062362435803375,0.0818048422597212,0.06566397652237711,0.09647835656639765,0.07153338224504768,0.04952311078503301,0.039251650770359504,0.07740278796771827,0.036683785766691124,rRNA
pre_31_train_U00096.3/3426624-3423891,0.08598609586534943,0.05561653860226857,0.07720453713867545,0.043907793633369926,0.0464690815953165,0.05890962312477131,0.06512989388949872,0.049762166117819244,0.08122941822173436,0.06695938529088913,0.09623124771313575,0.07098426637394804,0.04903036955726308,0.038785217709476766,0.07683863885839737,0.03695572630808635,rRNA
nameseq,AA,AC,AG,AT,CA,CC,CG,CT,GA,GC,GG,GT,TA,TC,TG,TT,label
pre_0_train_U00096.3/2025313-2025227,0.06976744186046512,0.046511627906976744,0.05813953488372093,0.05813953488372093,0.06976744186046512,0.08139534883720931,0.03488372093023256,0.05813953488372093,0.046511627906976744,0.03488372093023256,0.05813953488372093,0.05813953488372093,0.03488372093023256,0.08139534883720931,0.046511627906976744,0.16279069767441862,sRNA
pre_1_train_U00096.3/2924515-2924156,0.08356545961002786,0.0584958217270195,0.10863509749303621,0.055710306406685235,0.08356545961002786,0.027855153203342618,0.03899721448467967,0.03064066852367688,0.12256267409470752,0.052924791086350974,0.10584958217270195,0.05013927576601671,0.016713091922005572,0.04178272980501393,0.07520891364902507,0.04735376044568245,sRNA
pre_2_train_U00096.3/4049889-4050007,0.03389830508474576,0.0423728813559322,0.0847457627118644,0.059322033898305086,0.0423728813559322,0.0423728813559322,0.05084745762711865,0.05084745762711865,0.05084745762711865,0.0423728813559322,0.06779661016949153,0.0847457627118644,0.09322033898305085,0.059322033898305086,0.0423728813559322,0.15254237288135594,sRNA
pre_3_train_U00096.3/4158394-4158285,0.10091743119266056,0.07339449541284404,0.05504587155963303,0.027522935779816515,0.045871559633027525,0.07339449541284404,0.07339449541284404,0.09174311926605505,0.08256880733944955,0.05504587155963303,0.03669724770642202,0.03669724770642202,0.027522935779816515,0.08256880733944955,0.03669724770642202,0.10091743119266056,sRNA
pre_4_train_U00096.3/3580987-3580923,0.03125,0.0625,0.0625,0.046875,0.09375,0.046875,0.03125,0.078125,0.03125,0.109375,0.046875,0.03125,0.046875,0.03125,0.0625,0.1875,sRNA
pre_5_train_U00096.3/1146589-1146757,0.08928571428571429,0.03571428571428571,0.05952380952380952,0.09523809523809523,0.07738095238095238,0.03571428571428571,0.03571428571428571,0.03571428571428571,0.041666666666666664,0.08333333333333333,0.02976190476190476,0.047619047619047616,0.07142857142857142,0.02976190476190476,0.07738095238095238,0.15476190476190477,sRNA
pre_6_train_U00096.3/2814802-2814873,0.07042253521126761,0.04225352112676056,0.056338028169014086,0.09859154929577464,0.08450704225352113,0.056338028169014086,0.04225352112676056,0.04225352112676056,0.09859154929577464,0.056338028169014086,0.028169014084507043,0.028169014084507043,0.014084507042253521,0.07042253521126761,0.07042253521126761,0.14084507042253522,sRNA
pre_7_train_U00096.3/2976189-2976102,0.011494252873563218,0.04597701149425287,0.04597701149425287,0.05747126436781609,0.04597701149425287,0.06896551724137931,0.06896551724137931,0.06896551724137931,0.05747126436781609,0.06896551724137931,0.05747126436781609,0.06896551724137931,0.04597701149425287,0.05747126436781609,0.08045977011494253,0.14942528735632185,sRNA
pre_8_train_U00096.3/2976385-2976304,0.037037037037037035,0.04938271604938271,0.09876543209876543,0.06172839506172839,0.09876543209876543,0.04938271604938271,0.037037037037037035,0.024691358024691357,0.07407407407407407,0.07407407407407407,0.06172839506172839,0.06172839506172839,0.037037037037037035,0.024691358024691357,0.07407407407407407,0.13580246913580246,sRNA
pre_9_train_U00096.3/3350577-3350684,0.07476635514018691,0.037383177570093455,0.04672897196261682,0.056074766355140186,0.06542056074766354,0.09345794392523364,0.06542056074766354,0.056074766355140186,0.018691588785046728,0.11214953271028037,0.04672897196261682,0.07476635514018691,0.056074766355140186,0.04672897196261682,0.08411214953271028,0.06542056074766354,sRNA
pre_10_train_U00096.3/3986432-3986638,0.038834951456310676,0.07281553398058252,0.05825242718446602,0.06310679611650485,0.0825242718446602,0.06310679611650485,0.05339805825242718,0.06796116504854369,0.05825242718446602,0.06310679611650485,0.019417475728155338,0.06796116504854369,0.05339805825242718,0.06796116504854369,0.07281553398058252,0.0970873786407767,sRNA
pre_11_train_U00096.3/4051036-4051289,0.11462450592885376,0.05533596837944664,0.10276679841897234,0.043478260869565216,0.05533596837944664,0.02766798418972332,0.05533596837944664,0.03557312252964427,0.1067193675889328,0.05138339920948617,0.09881422924901186,0.05533596837944664,0.03557312252964427,0.039525691699604744,0.05533596837944664,0.06719367588932806,sRNA
pre_12_train_U00096.3/1923100-1923244,0.09027777777777778,0.034722222222222224,0.09722222222222222,0.05555555555555555,0.041666666666666664,0.0625,0.04861111111111111,0.04861111111111111,0.09027777777777778,0.06944444444444445,0.0625,0.04861111111111111,0.04861111111111111,0.034722222222222224,0.0625,0.10416666666666667,sRNA
pre_13_train_U00096.3/888054-887976,0.02564102564102564,0.02564102564102564,0.02564102564102564,0.0641025641025641,0.0641025641025641,0.11538461538461539,0.02564102564102564,0.038461538461538464,0.038461538461538464,0.038461538461538464,0.0641025641025641,0.07692307692307693,0.0,0.0641025641025641,0.10256410256410256,0.23076923076923078,sRNA
pre_14_train_U00096.3/1923203-1923104,0.0707070707070707,0.050505050505050504,0.06060606060606061,0.050505050505050504,0.0707070707070707,0.08080808080808081,0.050505050505050504,0.09090909090909091,0.04040404040404041,0.08080808080808081,0.050505050505050504,0.030303030303030304,0.04040404040404041,0.08080808080808081,0.04040404040404041,0.1111111111111111,sRNA
pre_15_train_U00096.3/2167112-2167197,0.11764705882352941,0.08235294117647059,0.03529411764705882,0.058823529411764705,0.058823529411764705,0.10588235294117647,0.023529411764705882,0.10588235294117647,0.023529411764705882,0.058823529411764705,0.03529411764705882,0.03529411764705882,0.09411764705882353,0.047058823529411764,0.058823529411764705,0.058823529411764705,sRNA
pre_16_train_U00096.3/3121358-3121579,0.06334841628959276,0.06334841628959276,0.049773755656108594,0.08597285067873303,0.049773755656108594,0.049773755656108594,0.06787330316742081,0.049773755656108594,0.02262443438914027,0.06787330316742081,0.05429864253393665,0.07239819004524888,0.12669683257918551,0.04072398190045249,0.04524886877828054,0.09049773755656108,sRNA
pre_17_train_U00096.3/1764768-1764708,0.08333333333333333,0.03333333333333333,0.13333333333333333,0.03333333333333333,0.03333333333333333,0.11666666666666667,0.05,0.05,0.11666666666666667,0.1,0.08333333333333333,0.03333333333333333,0.05,0.016666666666666666,0.05,0.016666666666666666,sRNA
pre_18_train_U00096.3/1230629-1230707,0.1282051282051282,0.05128205128205128,0.11538461538461539,0.10256410256410256,0.10256410256410256,0.038461538461538464,0.038461538461538464,0.02564102564102564,0.10256410256410256,0.08974358974358974,0.0,0.02564102564102564,0.0641025641025641,0.02564102564102564,0.0641025641025641,0.02564102564102564,sRNA
pre_19_train_U00096.3/3664861-3664974,0.035398230088495575,0.05309734513274336,0.07079646017699115,0.04424778761061947,0.04424778761061947,0.08849557522123894,0.04424778761061947,0.061946902654867256,0.05309734513274336,0.035398230088495575,0.07079646017699115,0.07964601769911504,0.07079646017699115,0.061946902654867256,0.05309734513274336,0.13274336283185842,sRNA
pre_20_train_U00096.3/2071315-2071518,0.07389162561576355,0.09852216748768473,0.04433497536945813,0.08866995073891626,0.08866995073891626,0.06896551724137931,0.054187192118226604,0.04433497536945813,0.054187192118226604,0.029556650246305417,0.03940886699507389,0.04433497536945813,0.08374384236453201,0.06403940886699508,0.029556650246305417,0.09359605911330049,sRNA
pre_21_train_U00096.3/2653855-2654158,0.066006600660066,0.039603960396039604,0.0429042904290429,0.056105610561056105,0.04950495049504951,0.056105610561056105,0.0858085808580858,0.056105610561056105,0.036303630363036306,0.09900990099009901,0.07260726072607261,0.07260726072607261,0.052805280528052806,0.052805280528052806,0.07590759075907591,0.0858085808580858,sRNA
pre_22_train_U00096.3/189760-189846,0.046511627906976744,0.10465116279069768,0.011627906976744186,0.08139534883720931,0.09302325581395349,0.03488372093023256,0.05813953488372093,0.03488372093023256,0.023255813953488372,0.03488372093023256,0.13953488372093023,0.08139534883720931,0.08139534883720931,0.046511627906976744,0.06976744186046512,0.05813953488372093,sRNA
pre_23_train_U00096.3/2691340-2691193,0.06802721088435375,0.08163265306122448,0.047619047619047616,0.06802721088435375,0.08163265306122448,0.06802721088435375,0.08163265306122448,0.061224489795918366,0.047619047619047616,0.07482993197278912,0.047619047619047616,0.05442176870748299,0.061224489795918366,0.06802721088435375,0.047619047619047616,0.04081632653061224,sRNA
pre_24_train_U00096.3/686843-686681,0.07407407407407407,0.08024691358024691,0.04938271604938271,0.04938271604938271,0.05555555555555555,0.07407407407407407,0.06790123456790123,0.08024691358024691,0.04938271604938271,0.06172839506172839,0.07407407407407407,0.043209876543209874,0.06790123456790123,0.06172839506172839,0.037037037037037035,0.07407407407407407,sRNA
pre_25_train_U00096.3/1888102-1888017,0.09411764705882353,0.047058823529411764,0.08235294117647059,0.023529411764705882,0.047058823529411764,0.03529411764705882,0.12941176470588237,0.011764705882352941,0.058823529411764705,0.09411764705882353,0.047058823529411764,0.09411764705882353,0.047058823529411764,0.047058823529411764,0.03529411764705882,0.10588235294117647,sRNA
pre_26_train_U00096.3/2640686-2640595,0.06593406593406594,0.03296703296703297,0.04395604395604396,0.08791208791208792,0.03296703296703297,0.07692307692307693,0.07692307692307693,0.03296703296703297,0.08791208791208792,0.06593406593406594,0.07692307692307693,0.054945054945054944,0.03296703296703297,0.04395604395604396,0.08791208791208792,0.0989010989010989,sRNA
pre_27_train_U00096.3/4190487-4190327,0.11875,0.05,0.075,0.075,0.0875,0.05625,0.0375,0.05,0.075,0.05,0.05625,0.04375,0.0375,0.075,0.05,0.0625,sRNA
pre_28_train_U00096.3/1491506-1491443,0.0,0.06349206349206349,0.047619047619047616,0.031746031746031744,0.031746031746031744,0.07936507936507936,0.09523809523809523,0.06349206349206349,0.031746031746031744,0.031746031746031744,0.06349206349206349,0.1111111111111111,0.07936507936507936,0.07936507936507936,0.031746031746031744,0.15873015873015872,sRNA
pre_29_train_U00096.3/2033649-2033738,0.0,0.0,0.011235955056179775,0.11235955056179775,0.02247191011235955,0.0449438202247191,0.0449438202247191,0.056179775280898875,0.02247191011235955,0.06741573033707865,0.0449438202247191,0.056179775280898875,0.07865168539325842,0.056179775280898875,0.0898876404494382,0.29213483146067415,sRNA
pre_30_train_U00096.3/1622948-1622735,0.107981220657277,0.051643192488262914,0.051643192488262914,0.07042253521126761,0.0892018779342723,0.046948356807511735,0.046948356807511735,0.04225352112676056,0.03286384976525822,0.056338028169014086,0.056338028169014086,0.07042253521126761,0.056338028169014086,0.06572769953051644,0.06103286384976526,0.09389671361502347,sRNA
pre_31_train_U00096.3/4278066-4277926,0.12142857142857143,0.09285714285714286,0.06428571428571428,0.02142857142857143,0.05714285714285714,0.08571428571428572,0.06428571428571428,0.05,0.08571428571428572,0.04285714285714286,0.07142857142857142,0.06428571428571428,0.02857142857142857,0.03571428571428571,0.06428571428571428,0.05,sRNA
pre_32_train_U00096.3/1409129-1409246,0.042735042735042736,0.05982905982905983,0.03418803418803419,0.07692307692307693,0.05982905982905983,0.02564102564102564,0.07692307692307693,0.05982905982905983,0.06837606837606838,0.08547008547008547,0.03418803418803419,0.05128205128205128,0.042735042735042736,0.05128205128205128,0.08547008547008547,0.1452991452991453,sRNA
pre_33_train_U00096.3/458816-458721,0.12631578947368421,0.042105263157894736,0.06315789473684211,0.09473684210526316,0.042105263157894736,0.10526315789473684,0.031578947368421054,0.021052631578947368,0.07368421052631578,0.010526315789473684,0.08421052631578947,0.05263157894736842,0.07368421052631578,0.042105263157894736,0.042105263157894736,0.09473684210526316,sRNA
pre_34_train_U00096.3/123014-122901,0.07079646017699115,0.04424778761061947,0.04424778761061947,0.07079646017699115,0.02654867256637168,0.05309734513274336,0.061946902654867256,0.08849557522123894,0.04424778761061947,0.05309734513274336,0.02654867256637168,0.061946902654867256,0.08849557522123894,0.07964601769911504,0.05309734513274336,0.13274336283185842,sRNA
pre_35_train_U00096.3/14090-14167,0.12987012987012986,0.05194805194805195,0.03896103896103896,0.07792207792207792,0.05194805194805195,0.05194805194805195,0.06493506493506493,0.05194805194805195,0.03896103896103896,0.05194805194805195,0.12987012987012986,0.025974025974025976,0.06493506493506493,0.06493506493506493,0.025974025974025976,0.07792207792207792,sRNA
pre_36_train_U00096.3/4441334-4441277,0.08771929824561403,0.05263157894736842,0.017543859649122806,0.07017543859649122,0.05263157894736842,0.03508771929824561,0.07017543859649122,0.10526315789473684,0.03508771929824561,0.07017543859649122,0.03508771929824561,0.05263157894736842,0.05263157894736842,0.08771929824561403,0.07017543859649122,0.10526315789473684,sRNA
pre_37_train_U00096.3/4332047-4332212,0.07272727272727272,0.06060606060606061,0.05454545454545454,0.048484848484848485,0.048484848484848485,0.030303030303030304,0.04242424242424243,0.09696969696969697,0.048484848484848485,0.048484848484848485,0.04242424242424243,0.07878787878787878,0.06060606060606061,0.07878787878787878,0.07878787878787878,0.10909090909090909,sRNA
pre_38_train_U00096.3/4235709-4235560,0.174496644295302,0.053691275167785234,0.03355704697986577,0.12080536912751678,0.04697986577181208,0.026845637583892617,0.053691275167785234,0.026845637583892617,0.053691275167785234,0.026845637583892617,0.04697986577181208,0.03355704697986577,0.10067114093959731,0.04697986577181208,0.03355704697986577,0.12080536912751678,sRNA
pre_39_train_U00096.3/110960-111029,0.13043478260869565,0.014492753623188406,0.07246376811594203,0.043478260869565216,0.057971014492753624,0.057971014492753624,0.043478260869565216,0.07246376811594203,0.028985507246376812,0.14492753623188406,0.043478260869565216,0.043478260869565216,0.043478260869565216,0.014492753623188406,0.08695652173913043,0.10144927536231885,sRNA
pre_40_train_U00096.3/3915284-3915441,0.12101910828025478,0.044585987261146494,0.050955414012738856,0.08917197452229299,0.05732484076433121,0.044585987261146494,0.05732484076433121,0.03821656050955414,0.06369426751592357,0.050955414012738856,0.03821656050955414,0.044585987261146494,0.05732484076433121,0.06369426751592357,0.050955414012738856,0.12738853503184713,sRNA
pre_41_train_U00096.3/4060215-4060283,0.11764705882352941,0.04411764705882353,0.058823529411764705,0.058823529411764705,0.04411764705882353,0.058823529411764705,0.058823529411764705,0.014705882352941176,0.058823529411764705,0.058823529411764705,0.029411764705882353,0.04411764705882353,0.04411764705882353,0.029411764705882353,0.04411764705882353,0.23529411764705882,sRNA
pre_42_train_U00096.3/543188-543254,0.25757575757575757,0.06060606060606061,0.06060606060606061,0.07575757575757576,0.09090909090909091,0.045454545454545456,0.045454545454545456,0.015151515151515152,0.015151515151515152,0.06060606060606061,0.06060606060606061,0.045454545454545456,0.09090909090909091,0.030303030303030304,0.030303030303030304,0.015151515151515152,sRNA
pre_43_train_U00096.3/2087283-2087209,0.13513513513513514,0.05405405405405406,0.02702702702702703,0.06756756756756757,0.08108108108108109,0.05405405405405406,0.08108108108108109,0.02702702702702703,0.02702702702702703,0.08108108108108109,0.02702702702702703,0.05405405405405406,0.04054054054054054,0.05405405405405406,0.05405405405405406,0.13513513513513514,sRNA
pre_44_train_U00096.3/1335499-1335701,0.07920792079207921,0.0594059405940594,0.024752475247524754,0.08415841584158416,0.06435643564356436,0.04950495049504951,0.04455445544554455,0.08415841584158416,0.04455445544554455,0.06435643564356436,0.06435643564356436,0.04455445544554455,0.0594059405940594,0.07425742574257425,0.07920792079207921,0.07920792079207921,sRNA
pre_45_train_U00096.3/1737843-1737453,0.12564102564102564,0.07435897435897436,0.046153846153846156,0.05641025641025641,0.06666666666666667,0.038461538461538464,0.05897435897435897,0.04358974358974359,0.05641025641025641,0.04871794871794872,0.05897435897435897,0.06666666666666667,0.05384615384615385,0.046153846153846156,0.06666666666666667,0.09230769230769231,sRNA
pre_46_train_U00096.3/1795311-1795153,0.13924050632911392,0.06962025316455696,0.06962025316455696,0.03164556962025317,0.06329113924050633,0.06329113924050633,0.0759493670886076,0.06329113924050633,0.06962025316455696,0.06329113924050633,0.04430379746835443,0.0379746835443038,0.0379746835443038,0.0759493670886076,0.02531645569620253,0.06962025316455696,sRNA
pre_47_train_U00096.3/940868-940734,0.1417910447761194,0.029850746268656716,0.1044776119402985,0.08208955223880597,0.05223880597014925,0.014925373134328358,0.05223880597014925,0.014925373134328358,0.08208955223880597,0.03731343283582089,0.04477611940298507,0.06716417910447761,0.08955223880597014,0.05223880597014925,0.029850746268656716,0.1044776119402985,sRNA
pre_48_train_U00096.3/4326081-4326005,0.02631578947368421,0.05263157894736842,0.02631578947368421,0.05263157894736842,0.039473684210526314,0.07894736842105263,0.14473684210526316,0.05263157894736842,0.05263157894736842,0.15789473684210525,0.07894736842105263,0.039473684210526314,0.039473684210526314,0.039473684210526314,0.06578947368421052,0.05263157894736842,sRNA
pre_49_train_U00096.3/4326181-4326105,0.039473684210526314,0.05263157894736842,0.039473684210526314,0.05263157894736842,0.06578947368421052,0.07894736842105263,0.11842105263157894,0.05263157894736842,0.039473684210526314,0.15789473684210525,0.06578947368421052,0.039473684210526314,0.039473684210526314,0.039473684210526314,0.06578947368421052,0.05263157894736842,sRNA
pre_50_train_U00096.3/4326381-4326305,0.02631578947368421,0.02631578947368421,0.05263157894736842,0.06578947368421052,0.05263157894736842,0.07894736842105263,0.14473684210526316,0.05263157894736842,0.05263157894736842,0.18421052631578946,0.06578947368421052,0.02631578947368421,0.02631578947368421,0.05263157894736842,0.06578947368421052,0.02631578947368421,sRNA
pre_51_train_U00096.3/216058-216134,0.039473684210526314,0.039473684210526314,0.013157894736842105,0.07894736842105263,0.05263157894736842,0.06578947368421052,0.13157894736842105,0.05263157894736842,0.039473684210526314,0.15789473684210525,0.07894736842105263,0.039473684210526314,0.039473684210526314,0.05263157894736842,0.07894736842105263,0.039473684210526314,sRNA
pre_52_train_U00096.3/3139624-3139700,0.039473684210526314,0.039473684210526314,0.02631578947368421,0.07894736842105263,0.07894736842105263,0.07894736842105263,0.13157894736842105,0.039473684210526314,0.039473684210526314,0.15789473684210525,0.06578947368421052,0.039473684210526314,0.02631578947368421,0.06578947368421052,0.06578947368421052,0.02631578947368421,sRNA
pre_53_train_U00096.3/4027473-4027550,0.025974025974025976,0.025974025974025976,0.025974025974025976,0.09090909090909091,0.05194805194805195,0.06493506493506493,0.11688311688311688,0.03896103896103896,0.05194805194805195,0.15584415584415584,0.09090909090909091,0.03896103896103896,0.03896103896103896,0.03896103896103896,0.09090909090909091,0.05194805194805195,sRNA
pre_54_train_U00096.3/758482-758412,0.014285714285714285,0.04285714285714286,0.02857142857142857,0.05714285714285714,0.05714285714285714,0.07142857142857142,0.12857142857142856,0.05714285714285714,0.04285714285714286,0.15714285714285714,0.08571428571428572,0.04285714285714286,0.02857142857142857,0.05714285714285714,0.07142857142857142,0.05714285714285714,sRNA
pre_55_train_U00096.3/375263-375186,0.025974025974025976,0.03896103896103896,0.05194805194805195,0.06493506493506493,0.05194805194805195,0.06493506493506493,0.14285714285714285,0.03896103896103896,0.05194805194805195,0.15584415584415584,0.06493506493506493,0.05194805194805195,0.05194805194805195,0.05194805194805195,0.05194805194805195,0.03896103896103896,sRNA
pre_56_train_U00096.3/4457188-4457265,0.012987012987012988,0.025974025974025976,0.05194805194805195,0.09090909090909091,0.06493506493506493,0.06493506493506493,0.1038961038961039,0.03896103896103896,0.06493506493506493,0.14285714285714285,0.06493506493506493,0.03896103896103896,0.03896103896103896,0.05194805194805195,0.07792207792207792,0.06493506493506493,sRNA
pre_57_train_U00096.3/4218439-4218516,0.025974025974025976,0.03896103896103896,0.012987012987012988,0.09090909090909091,0.06493506493506493,0.06493506493506493,0.14285714285714285,0.03896103896103896,0.05194805194805195,0.15584415584415584,0.06493506493506493,0.03896103896103896,0.025974025974025976,0.06493506493506493,0.07792207792207792,0.03896103896103896,sRNA
pre_58_train_U00096.3/375162-375085,0.025974025974025976,0.03896103896103896,0.05194805194805195,0.06493506493506493,0.06493506493506493,0.06493506493506493,0.14285714285714285,0.03896103896103896,0.05194805194805195,0.15584415584415584,0.06493506493506493,0.05194805194805195,0.03896103896103896,0.06493506493506493,0.05194805194805195,0.025974025974025976,sRNA
pre_59_train_U00096.3/4249324-4249394,0.04285714285714286,0.05714285714285714,0.02857142857142857,0.05714285714285714,0.05714285714285714,0.07142857142857142,0.14285714285714285,0.04285714285714286,0.04285714285714286,0.15714285714285714,0.07142857142857142,0.02857142857142857,0.04285714285714286,0.04285714285714286,0.04285714285714286,0.07142857142857142,sRNA
pre_60_train_U00096.3/4285305-4285375,0.04285714285714286,0.02857142857142857,0.02857142857142857,0.08571428571428572,0.05714285714285714,0.07142857142857142,0.12857142857142856,0.04285714285714286,0.04285714285714286,0.14285714285714285,0.07142857142857142,0.04285714285714286,0.04285714285714286,0.07142857142857142,0.05714285714285714,0.04285714285714286,sRNA
pre_61_train_U00096.3/508585-508662,0.012987012987012988,0.05194805194805195,0.03896103896103896,0.07792207792207792,0.07792207792207792,0.11688311688311688,0.11688311688311688,0.03896103896103896,0.05194805194805195,0.12987012987012986,0.06493506493506493,0.025974025974025976,0.03896103896103896,0.06493506493506493,0.03896103896103896,0.05194805194805195,sRNA
pre_62_train_U00096.3/411134-411213,0.0379746835443038,0.02531645569620253,0.0379746835443038,0.0759493670886076,0.05063291139240506,0.08860759493670886,0.12658227848101267,0.05063291139240506,0.05063291139240506,0.1518987341772152,0.06329113924050633,0.0379746835443038,0.0379746835443038,0.06329113924050633,0.06329113924050633,0.0379746835443038,sRNA
pre_63_train_U00096.3/377391-377468,0.012987012987012988,0.03896103896103896,0.03896103896103896,0.06493506493506493,0.06493506493506493,0.07792207792207792,0.14285714285714285,0.03896103896103896,0.05194805194805195,0.15584415584415584,0.05194805194805195,0.05194805194805195,0.025974025974025976,0.06493506493506493,0.06493506493506493,0.05194805194805195,sRNA
pre_64_train_U00096.3/4103587-4103510,0.012987012987012988,0.025974025974025976,0.07792207792207792,0.09090909090909091,0.06493506493506493,0.05194805194805195,0.09090909090909091,0.03896103896103896,0.07792207792207792,0.14285714285714285,0.07792207792207792,0.025974025974025976,0.05194805194805195,0.03896103896103896,0.06493506493506493,0.06493506493506493,sRNA
pre_65_train_U00096.3/111549-111626,0.025974025974025976,0.05194805194805195,0.03896103896103896,0.07792207792207792,0.07792207792207792,0.06493506493506493,0.11688311688311688,0.03896103896103896,0.06493506493506493,0.11688311688311688,0.05194805194805195,0.05194805194805195,0.025974025974025976,0.07792207792207792,0.06493506493506493,0.05194805194805195,sRNA
pre_66_train_U00096.3/837658-837588,0.02857142857142857,0.07142857142857142,0.04285714285714286,0.07142857142857142,0.05714285714285714,0.07142857142857142,0.12857142857142856,0.04285714285714286,0.07142857142857142,0.12857142857142856,0.07142857142857142,0.02857142857142857,0.05714285714285714,0.04285714285714286,0.04285714285714286,0.04285714285714286,sRNA
pre_67_train_U00096.3/339880-339811,0.057971014492753624,0.043478260869565216,0.028985507246376812,0.08695652173913043,0.07246376811594203,0.07246376811594203,0.10144927536231885,0.043478260869565216,0.043478260869565216,0.14492753623188406,0.08695652173913043,0.028985507246376812,0.043478260869565216,0.043478260869565216,0.07246376811594203,0.028985507246376812,sRNA
pre_68_train_U00096.3/111433-111509,0.013157894736842105,0.05263157894736842,0.039473684210526314,0.07894736842105263,0.07894736842105263,0.05263157894736842,0.13157894736842105,0.039473684210526314,0.06578947368421052,0.13157894736842105,0.05263157894736842,0.039473684210526314,0.02631578947368421,0.07894736842105263,0.05263157894736842,0.06578947368421052,sRNA
pre_69_train_U00096.3/2317027-2316951,0.039473684210526314,0.05263157894736842,0.039473684210526314,0.07894736842105263,0.06578947368421052,0.05263157894736842,0.11842105263157894,0.039473684210526314,0.06578947368421052,0.13157894736842105,0.06578947368421052,0.039473684210526314,0.039473684210526314,0.05263157894736842,0.06578947368421052,0.05263157894736842,sRNA
pre_70_train_U00096.3/4614462-4614540,0.02564102564102564,0.02564102564102564,0.02564102564102564,0.08974358974358974,0.0641025641025641,0.0641025641025641,0.14102564102564102,0.038461538461538464,0.038461538461538464,0.15384615384615385,0.0641025641025641,0.05128205128205128,0.038461538461538464,0.07692307692307693,0.0641025641025641,0.038461538461538464,sRNA
pre_71_train_U00096.3/3392198-3392129,0.014492753623188406,0.043478260869565216,0.043478260869565216,0.057971014492753624,0.043478260869565216,0.07246376811594203,0.13043478260869565,0.043478260869565216,0.057971014492753624,0.13043478260869565,0.057971014492753624,0.07246376811594203,0.043478260869565216,0.057971014492753624,0.07246376811594203,0.057971014492753624,sRNA
pre_72_train_U00096.3/4296024-4296094,0.02857142857142857,0.05714285714285714,0.02857142857142857,0.07142857142857142,0.05714285714285714,0.07142857142857142,0.14285714285714285,0.04285714285714286,0.05714285714285714,0.12857142857142856,0.05714285714285714,0.04285714285714286,0.04285714285714286,0.07142857142857142,0.04285714285714286,0.05714285714285714,sRNA
pre_73_train_U00096.3/248203-248280,0.012987012987012988,0.012987012987012988,0.03896103896103896,0.1038961038961039,0.05194805194805195,0.06493506493506493,0.11688311688311688,0.03896103896103896,0.05194805194805195,0.16883116883116883,0.06493506493506493,0.03896103896103896,0.05194805194805195,0.03896103896103896,0.09090909090909091,0.05194805194805195,sRNA
pre_74_train_U00096.3/4614361-4614439,0.02564102564102564,0.038461538461538464,0.02564102564102564,0.07692307692307693,0.07692307692307693,0.0641025641025641,0.1282051282051282,0.038461538461538464,0.038461538461538464,0.15384615384615385,0.0641025641025641,0.05128205128205128,0.02564102564102564,0.0641025641025641,0.07692307692307693,0.05128205128205128,sRNA
pre_75_train_U00096.3/2347277-2347207,0.014285714285714285,0.04285714285714286,0.04285714285714286,0.05714285714285714,0.05714285714285714,0.08571428571428572,0.12857142857142856,0.05714285714285714,0.05714285714285714,0.15714285714285714,0.1,0.02857142857142857,0.02857142857142857,0.05714285714285714,0.05714285714285714,0.02857142857142857,sRNA
pre_76_train_U00096.3/2304646-2304729,0.03614457831325301,0.04819277108433735,0.03614457831325301,0.060240963855421686,0.04819277108433735,0.08433734939759036,0.13253012048192772,0.04819277108433735,0.04819277108433735,0.13253012048192772,0.08433734939759036,0.04819277108433735,0.04819277108433735,0.060240963855421686,0.04819277108433735,0.03614457831325301,sRNA
pre_77_train_U00096.3/3392289-3392220,0.014492753623188406,0.028985507246376812,0.043478260869565216,0.057971014492753624,0.043478260869565216,0.07246376811594203,0.13043478260869565,0.043478260869565216,0.043478260869565216,0.14492753623188406,0.07246376811594203,0.07246376811594203,0.043478260869565216,0.057971014492753624,0.07246376811594203,0.057971014492753624,sRNA
pre_78_train_U00096.3/900752-900832,0.0125,0.05,0.0375,0.0625,0.0625,0.1,0.125,0.05,0.0625,0.1375,0.075,0.05,0.025,0.0625,0.075,0.0125,sRNA
